Ellipse 297.687713623 317.199157715 233.076065063 250.854522705 49.1138000488 Triangle
462 508 807 286 1054 509 Triangle
264 228 403 204 403 345 Ellipse 779.373413086 315.386199951 227.351531982 244.116424561 135.563583374 Ellipse 675.062133789 332.236236572 201.670074463 297.84274292 69.333984375 Triangle
843 342 966 180 965 195 Triangle
843 342 966 180 965 195 Triangle
843 342 966 180 965 195 Triangle
843 342 966 180 965 195 Triangle
843 342 966 180 965 195 Triangle
843 342 966 180 965 195 Triangle
843 342 966 180 965 195 Triangle
843 342 966 180 965 195 Triangle
274 402 519 103 710 365 Triangle
468 434 784 157 947 430 Triangle
282 279 277 103 620 94 625 270 Ellipse 808.470031738 286.330444336 234.187240601 361.320343018 54.2132644653 Triangle
620 317 690 213 784 314 Triangle
332 313 321 130 526 117 538 301 Triangle
415 304 549 96 624 259 Triangle
227 268 222 116 424 108 430 261 Triangle
296 215 515 137 666 261 Ellipse 420.538269043 324.082458496 99.9236526489 109.768302917 117.918548584 Ellipse 508.50201416 368.541595459 94.1996536255 103.968078613 1.7687650919 Ellipse 594.787536621 419.21875 95.5527877808 104.802894592 73.1623764038 Ellipse 508.433685303 273.316314697 130.789764404 283.216308594 29.7872276306 Triangle
557 386 653 293 619 379 Triangle
630 521 773 211 1039 477 Triangle
1061 213 1369 207 1061 211 Triangle
652 349 845 149 1091 355 Triangle
394 648 904 206 1088 846 Ellipse 529.696411133 761.707641602 148.255050659 513.239074707 9.37932109833 Triangle
820 641 1134 241 1591 475 Ellipse 1484.14648438 5498.92578125 404.117431641 9701.18457031 0.0 Triangle
186 862 623 374 1148 641 Triangle
1157 678 1134 332 1275 250 Ellipse 973.923583984 1387.45581055 516.711425781 2509.13354492 3.83982348442 Ellipse 826.78894043 527.430175781 335.00970459 522.577209473 89.6118774414 Triangle
1234 741 1232 769 1225 780 Ellipse 1002.79315186 548.101867676 570.581298828 869.941772461 49.6770362854 Ellipse 482.58190918 514.432739258 773.201049805 1045.38476562 63.0261192322 Triangle
492 657 1168 463 1140 293 Triangle
723 678 551 461 888 193 1060 409 Triangle
482 771 1025 437 1259 667 Triangle
1012 215 1345 271 1397 740 Triangle
577 630 818 389 938 578 Triangle
262 740 960 249 1498 665 Triangle
523 478 1037 302 886 829 Triangle
885 662 1227 624 885 660 Ellipse 796.813232422 257.28894043 32.863571167 1831.20556641 89.2302703857 Triangle
1200 291 935 525 935 523 Triangle
891 565 1123 484 847 621 Triangle
590 565 928 498 516 668 Triangle
1377 568 428 536 1377 566 Triangle
474 518 604 465 581 568 